Fit Information 
 
Elements 
 
[c,n,o,ne,mg,si,s,ca,fe]
 
Info array can be of the following forms 
 
1. Empty phase - [0, nan, nan, nan, nan] 
2. Pure Gaussian - [A, mu, sigma, nan, nan] 
3. Gaussian + exp. decay - [A, mu, sigma, alpha, z_T] 
 
c
 
ISM: [23039891803.580746,-0.4421289081729706,0.20321452523150885,13.862943611198954,1.1749999999999816]
HIM: [1821122946.1148942,-0.9400752020593756,0.4401477363941462,141.44013109841651,1.8749999999999791]
WIM: [11147811214.775145,-0.46884311870619777,0.16352609162412368,0.0,1.924999999999979]
WNM: [7510829105.80508,-0.448347545850107,0.17987646285058576,13.862943611198954,1.7249999999999797]
CNM: [5272807170.035344,0.041982158712115844,0.47017841836609986,20.841604421891184,0.9249999999999825]

 
n
 
ISM: [21630852566.121483,-0.5903711000137621,0.1785190452391559,13.862943611198954,1.62499999999998]
HIM: [1825133663.5629961,-1.0631019890127285,0.45752598873747063,115.44464278819436,1.8749999999999791]
WIM: [10767916675.70009,-0.610082442491573,0.14991984142453685,13.862943611198954,1.5749999999999802]
WNM: [7110424880.554004,-0.593816591586537,0.15994732349144405,0.0,1.924999999999979]
CNM: [5383128169.925163,-0.04342818048731718,0.5366787811970996,13.965565251600484,0.8249999999999829]

 
o
 
ISM: [23941972229.963577,-0.3329041659973834,0.2296694695585078,0.0,1.9249999999999825]
HIM: [1826244148.7338486,-0.9003330907652866,0.46879523954179336,0.0,1.9249999999999825]
WIM: [11285624527.224075,-0.3669089457046521,0.17751283112183996,26.858796963377934,1.0249999999999857]
WNM: [7760194532.099294,-0.34248454987994037,0.20063071775025879,0.0,1.9249999999999825]
CNM: [5465235785.00864,0.1553095470437149,0.458771202007939,32.33892849697701,0.8249999999999864]

 
ne
 
ISM: [18434113395.62986,-0.3450291663793811,0.15062713357588645,2.0940899855896653,-0.17500000000001004]
HIM: [1807610526.1336422,-0.872595951935155,0.44873927106504363,1.143635523118024,0.07499999999998908]
WIM: [11406255915.029158,-0.3349385491723582,0.18368606634148044,205.53704258942588,0.8749999999999862]
WNM: [5877496247.992971,-0.35414848579485914,0.1308715807187276,2.7301133621232587,-0.22500000000000986]
CNM: [5873345655.035579,0.21822490561203622,0.4671305873454432,13.147485258792374,0.6749999999999869]

 
mg
 
ISM: [18272181881.770138,-0.5878237739201108,0.1486945873266345,2.2013621936246546,-0.4250000000000127]
HIM: [1819557466.971226,-1.1107614960802559,0.4523300560675029,191.01390373110596,0.6249999999999836]
WIM: [11396752897.138388,-0.5766815713695047,0.18319410320407697,0.0,0.9249999999999825]
WNM: [7898525282.638543,-0.5498813243232686,0.20931910271109175,201.57313893504397,0.8249999999999829]
CNM: [5888437789.72088,-0.021424228255901196,0.46862273122553316,11.970103307772744,0.4249999999999843]

 
si
 
ISM: [18347665884.771385,-0.5438582103710363,0.14844475335818716,2.120330068243712,-0.3750000000000129]
HIM: [1814666373.5767276,-1.043244297299689,0.43144589945997514,1.0011311736799027,-0.07500000000001394]
WIM: [11349803239.47497,-0.5338316338780837,0.1810435329781136,0.0,0.9249999999999825]
WNM: [7834106972.692497,-0.5075390401356515,0.20629178668937476,0.0,0.9249999999999825]
CNM: [5760560342.70242,0.01972530045711358,0.46751044747224063,8.706908584594393,0.4749999999999841]

 
s
 
ISM: [24420880220.02544,-0.540744513844167,0.24003038570697466,280.359547261183,0.8749999999999827]
HIM: [1814238609.2349906,-1.0794243350535322,0.42591284808221624,1.047266766970914,-0.12500000000001377]
WIM: [11331014695.828623,-0.5787587514846131,0.18027351009983578,13.862943611198954,0.8749999999999827]
WNM: [7817526106.793425,-0.5522576212229622,0.20564021679838193,223.98533198505686,0.774999999999983]
CNM: [5743258703.069088,-0.02328242581860264,0.46861924769164465,7.849916103576282,0.4249999999999843]

 
ca
 
ISM: [24380767837.208477,-0.8106147315882507,0.23930887497314207,0.0,0.9249999999999825]
HIM: [1808735401.516589,-1.3426248794029936,0.41907618982579725,1.652518384288266,-0.4750000000000125]
WIM: [11319572757.487343,-0.8482793888959433,0.1797988817480985,0.0,0.9249999999999825]
WNM: [7800449667.738498,-0.8220989414714207,0.2049426525478637,13.862943611198954,0.8249999999999829]
CNM: [5682629243.448282,-0.2958366064807359,0.46639101433002683,8.041643543860907,0.17499999999998517]

 
fe
 
ISM: [24137014633.57085,-0.7216442987578469,0.23636574350419165,0.0,0.9249999999999825]
HIM: [1815659070.9252129,-1.1984078171527413,0.4020357957119179,0.0,0.9249999999999825]
WIM: [11233907910.67505,-0.7587671318611056,0.1777767971997856,13.862943611198954,0.7249999999999832]
WNM: [7682215161.117899,-0.7325988928933452,0.2014202195594005,13.862943611198954,0.8749999999999827]
CNM: [5680149204.738632,-0.18069887807634338,0.4864098865615529,5.020022509497842,0.224999999999985]

 
