Fit Information 
 
Elements 
 
[c,n,o,ne,mg,si,s,ca,fe]
 
Info array can be of the following forms 
 
1. Empty phase - [0, nan, nan, nan, nan] 
2. Pure Gaussian - [A, mu, sigma, nan, nan] 
3. Gaussian + exp. decay - [A, mu, sigma, alpha, z_T] 
 
c
 
ISM: [150753435.1631412,-1.4778768526493777,0.20739489413690526,0.0,0.9249999999999825]
HIM: [0.0,nan,nan,nan,nan]
WIM: [112753585.92894281,-1.4829900794386368,0.2114657090418848,7.788097969938744,0.224999999999985]
WNM: [37962962.69772135,-1.4637102343712702,0.1948888045364581,13.862943611198954,0.07499999999998552]
CNM: [0.0,nan,nan,nan,nan]

 
n
 
ISM: [154968757.22031537,-1.780251350096082,0.23002669770877684,110.7712003173249,-0.12500000000001377]
HIM: [0.0,nan,nan,nan,nan]
WIM: [115799097.9083224,-1.7859719034754924,0.2336944145274396,0.0,-0.07500000000001394]
WNM: [39192590.06472239,-1.764487355939625,0.2191624899929863,140.7549588011733,-0.2250000000000134]
CNM: [0.0,nan,nan,nan,nan]

 
o
 
ISM: [148546591.6682099,-1.35313451618885,0.21258061872548967,2.9459816827611136,-0.6750000000000118]
HIM: [0.0,nan,nan,nan,nan]
WIM: [110760939.14854714,-1.3563196262286186,0.2149165110235626,0.0,-0.07500000000001394]
WNM: [37750332.049166456,-1.3437639438638669,0.20530776343078988,0.0,-0.07500000000001394]
CNM: [0.0,nan,nan,nan,nan]

 
ne
 
ISM: [148403792.27519408,-1.2878483453055556,0.2134414485689788,3.7879270731265584,-0.625000000000012]
HIM: [0.0,nan,nan,nan,nan]
WIM: [110735751.09628756,-1.29114158924081,0.2159324665395753,4.527637804624351,-0.625000000000012]
WNM: [37629835.14168279,-1.278215945323336,0.2056718561157198,0.0,-0.07500000000001394]
CNM: [0.0,nan,nan,nan,nan]

 
mg
 
ISM: [148506999.6450721,-1.5281854497715734,0.21260858134305713,0.0,-0.07500000000001394]
HIM: [0.0,nan,nan,nan,nan]
WIM: [110804981.53997353,-1.5316662252608704,0.21521124327396104,0.0,-0.07500000000001394]
WNM: [37679404.89146492,-1.5181032813106334,0.20467970557414525,159.9498196371087,-0.12500000000001377]
CNM: [0.0,nan,nan,nan,nan]

 
si
 
ISM: [148422224.48091033,-1.4685874462411954,0.2031919064225258,145.3316857800101,-0.1750000000000136]
HIM: [0.0,nan,nan,nan,nan]
WIM: [110536840.48038359,-1.4714230783512463,0.2049536921058004,157.64188511537773,-0.12500000000001377]
WNM: [37865342.08880246,-1.4603509142693714,0.19777089290168848,0.0,-0.07500000000001394]
CNM: [0.0,nan,nan,nan,nan]

 
s
 
ISM: [148368917.6999246,-1.508188558057094,0.20037367450046548,0.0,-0.07500000000001394]
HIM: [0.0,nan,nan,nan,nan]
WIM: [110480961.74728432,-1.511266022040062,0.2019745145640819,0.0,-0.07500000000001394]
WNM: [37870253.520144716,-1.4992904528240363,0.19540221117512824,168.91328844501612,-0.1750000000000136]
CNM: [0.0,nan,nan,nan,nan]

 
ca
 
ISM: [148372987.94430465,-1.7718845811501767,0.1982471912040653,0.0,-0.07500000000001394]
HIM: [0.0,nan,nan,nan,nan]
WIM: [110343038.15677696,-1.7744878214568003,0.19924302094407542,4.930555594873843,-0.1750000000000136]
WNM: [38014111.49123014,-1.764317131107135,0.1950749198590352,13.862943611198954,-0.2250000000000134]
CNM: [0.0,nan,nan,nan,nan]

 
fe
 
ISM: [148808665.19522977,-1.662338799161239,0.1979942328827755,0.0,-0.07500000000001394]
HIM: [0.0,nan,nan,nan,nan]
WIM: [111509980.84950519,-1.6672320119943473,0.2029874764288234,0.0,-0.07500000000001394]
WNM: [37235905.845530815,-1.6489264748479697,0.1826784386300062,0.0,-0.07500000000001394]
CNM: [0.0,nan,nan,nan,nan]

 
