Fit Information 
 
Elements 
 
[c,n,o,ne,mg,si,s,ca,fe]
 
Info array is of the form [A, mu, sigma, alpha, z_T] 
 
c
 
ISM: [3236153.274963124,-1.9842383335538485,0.3927047011851948,1.2620996709638912,-0.8750000000000111]
HIM: [613562.5220485749,-1.7481944091970547,0.31728353835092055,45.865875607252114,0.6749999999999834]
WIM: [2640192.3531148974,-2.0476773544141347,0.3905635982642069,0.0,0.9249999999999825]
WNM: [0.0,nan,inf,0.0,nan]
CNM: [0.0,nan,inf,0.0,nan]

 
n
 
ISM: [3260377.614566985,-2.2050816787020078,0.4137279882570102,115.93436863633906,0.774999999999983]
HIM: [615805.8282302598,-1.9483027853250607,0.34037318804451416,31.45574772545354,0.6749999999999834]
WIM: [2660709.9813023433,-2.270956169150841,0.40861339742490965,0.0,0.9249999999999825]
WNM: [0.0,nan,inf,0.0,nan]
CNM: [0.0,nan,inf,0.0,nan]

 
o
 
ISM: [3240953.6069757035,-2.119135302883293,0.31578141519502767,0.0,-0.07500000000001394]
HIM: [615950.7401198781,-2.0305229493040087,0.2441569683594362,13.862943611198954,-0.12500000000001377]
WIM: [2638401.157586171,-2.1499649385180026,0.33284211699970223,0.0,-0.07500000000001394]
WNM: [0.0,nan,inf,0.0,nan]
CNM: [0.0,nan,inf,0.0,nan]

 
ne
 
ISM: [3271128.46263662,-2.064679658850465,0.31428069882181175,0.0,-0.07500000000001394]
HIM: [644432.2739077449,-1.9956017144137101,0.2474519491129921,62.45361387026202,-0.1750000000000136]
WIM: [2642547.8313301085,-2.0894700556152417,0.3332457795502836,0.0,-0.07500000000001394]
WNM: [0.0,nan,inf,0.0,nan]
CNM: [0.0,nan,inf,0.0,nan]

 
mg
 
ISM: [3251799.959641966,-2.292798319591263,0.3140776337577951,159.92680982818365,-0.12500000000001377]
HIM: [622027.5147644493,-2.206675234629684,0.24160056981030478,27.677167992355994,-0.32500000000001306]
WIM: [2644736.2725667357,-2.3233336832156053,0.3320078688501415,77.93829931433015,-0.12500000000001377]
WNM: [0.0,nan,inf,0.0,nan]
CNM: [0.0,nan,inf,0.0,nan]

 
si
 
ISM: [3176634.028667539,-2.1663635534924426,0.3435945856865083,27.42341955280017,0.5249999999999839]
HIM: [571233.1859708634,-1.9961693611845213,0.2738340343148216,0.0,0.9249999999999825]
WIM: [2625200.2678043996,-2.2153397479863832,0.34913426164948674,0.0,0.9249999999999825]
WNM: [0.0,nan,inf,0.0,nan]
CNM: [0.0,nan,inf,0.0,nan]

 
s
 
ISM: [3178956.17548124,-2.188283842769372,0.3512961803866625,13.862943611198954,0.6249999999999836]
HIM: [569695.8317529619,-1.9985732866806962,0.28526672214199617,0.0,0.9249999999999825]
WIM: [2629012.2661518003,-2.239882672002541,0.35310124810975313,0.0,0.9249999999999825]
WNM: [0.0,nan,inf,0.0,nan]
CNM: [0.0,nan,inf,0.0,nan]

 
ca
 
ISM: [3183925.743298967,-2.4369881071228927,0.35703917231639387,26.872325078568352,0.37499999999998446]
HIM: [568614.910177478,-2.2298259093262605,0.2936846944138629,0.0,0.9249999999999825]
WIM: [2633639.768313887,-2.4906335848904595,0.35524961945705286,13.862943611198954,0.6249999999999836]
WNM: [0.0,nan,inf,0.0,nan]
CNM: [0.0,nan,inf,0.0,nan]

 
fe
 
ISM: [3169686.1810747343,-2.2503080217034492,0.4265558857004327,-35.963724179642924,0.6749999999999834]
HIM: [575036.9579557439,-1.940195093310788,0.3704782300792217,0.0,0.9249999999999825]
WIM: [2618515.7490457837,-2.319613851490415,0.41118251819977714,0.0,0.9249999999999825]
WNM: [0.0,nan,inf,0.0,nan]
CNM: [0.0,nan,inf,0.0,nan]

 
